000001011001010101010101001001010001011111000100001010101010101010010101001010101000000000000000000000000000000000000000000000000000000000000000
111111100001101101010101010101010101010101010101001010101010101001011001010101010000001011111001010101011111111111111101111111100000000000000000
110101010111000101010101010010101010100101010101001010101010010101010010101010101011000000111101111111111100000000000000000000000000000000000000
000001011001010101010101001001010001011111000100001010101010101010010101001010101000000000000000000000000000000000000000000000000000000000000000
111111100001101101010101010101010101010101010101001010101010101001011001010101010000001011111001010101011111111111111101111111100000000000000000
110101010111000101010101010010101010100101010101001010101010010101010010101010101011000000111101111111111100000000000000000000000000000000000000
000001011001010101010101001001010001011111000100001010101010101010010101001010101000000000000000000000000000000000000000000000000000000000000000
111111100001101101010101010101010101010101010101001010101010101001011001010101010000001011111001010101011111111111111101111111100000000000000000
000001011001010101010101001001010001011111000100001010101010101010010101001010101000000000000000000000000000000000000000000000000000000000000000
111111100001101101010101010101010101010101010101001010101010101001011001010101010000001011111001010101011111111111111101111111100000000000000000
110101010111000101010101010010101010100101010101001010101010010101010010101010101011000000111101111111111100000000000000000000000000000000000000
000001011001010101010101001001010001011111000100001010101010101010010101001010101000000000000000000000000000000000000000000000000000000000000000
000001011001010101010101001001010001011111000100001010101010101010010101001010101000000000000000000000000000000000000000000000000000000000000000
111111100001101101010101010101010101010101010101001010101010101001011001010101010000001011111001010101011111111111111101111111100000000000000000
000001011001010101010101001001010001011111000100001010101010101010010101001010101000000000000000000000000000000000000000000000000000000000000000
000010110010101010101010010010100010111110001000010101010101010100101010010101010000000000000000000000000000000000000000000000000000000000000000
111111100001101101010101010101010101010101010101001010101010101001011001010101010000001011111001010101011111111111111101111111100000000000000000
110101010111000101010101010010101010100101010101001010101010010101010010101010101011000000111101111111111100000000000000000000000000000000000000
111111100001101101010101010101010101010101010101001010101010101001011001010101010000001011111001010101011111111111111101111111100000000000000000
110101010111000101010101010010101010100101010101001010101010010101010010101010101011000000111101111111111100000000000000000000000000000000000000
110101010111000101010101010010101010100101010101001010101010010101010010101010101011000000111101111111111100000000000000000000000000000000000000
000001011001010101010101001001010001011111000100001010101010101010010101001010101000000000000000000000000000000000000000000000000000000000000000
111111100001101101010101010101010101010101010101001010101010101001011001010101010000001011111001010101011111111111111101111111100000000000000000
110101010111000101010101010010101010100101010101001010101010010101010010101010101011000000111101111111111100000000000000000000000000000000000000
000001011001010101010101001001010001011111000100001010101010101010010101001010101000000000000000000000000000000000000000000000000000000000000000
111111100001101101010101010101010101010101010101001010101010101001011001010101010000001011111001010101011111111111111101111111100000000000000000
110101010111000101010101010010101010100101010101001010101010010101010010101010101011000000111101111111111100000000000000000000000000000000000000
111111100001101101010101010101010101010101010101001010101010101001011001010101010000001011111001010101011111111111111101111111100000000000000000
110101010111000101010101010010101010100101010101001010101010010101010010101010101011000000111101111111111100000000000000000000000000000000000000
110101010111000101010101010010101010100101010101001010101010010101010010101010101011000000111101111111111100000000000000000000000000000000000000
000001011001010101010101001001010001011111000100001010101010101010010101001010101000000000000000000000000000000000000000000000000000000000000000
111111100001101101010101010101010101010101010101001010101010101001011001010101010000001011111001010101011111111111111101111111100000000000000000
110101010111000101010101010010101010100101010101001010101010010101010010101010101011000000111101111111111100000000000000000000000000000000000000
000001011001010101010101001001010001011111000100001010101010101010010101001010101000000000000000000000000000000000000000000000000000000000000000
111111100001101101010101010101010101010101010101001010101010101001011001010101010000001011111001010101011111111111111101111111100000000000000000

